0.0    1.31322    -4.861331972836629
0.01 1.3141880477812076 -4.8613315132830905
0.02 1.315091850016912 -4.861331088964619
0.03 1.3159310913639537 -4.861330699064947
0.04 1.3167054816924078 -4.861330342813731
0.05 1.3174147555746187 -4.861330019489959
0.060000000000000005 1.3180586718147569 -4.861329728424957
0.07 1.3186370130188407 -4.86132946900502
0.08 1.3191495852051593 -4.861329240673707
0.09 1.3195962174550169 -4.861329042933841
0.09999999999999999 1.3199767616037232 -4.861328875349188
0.10999999999999999 1.3202910919717477 -4.86132873754591
0.11999999999999998 1.3205391051359634 -4.861328629213739
0.12999999999999998 1.3207207197409114 -4.86132855010695
0.13999999999999999 1.320835876350025 -4.861328500045087
0.15 1.3208845373367635 -4.861328478913513
0.16 1.3208666868156185 -4.86132848666373
0.17 1.320782330612968 -4.861328523313533
0.18000000000000002 1.320631496277767 -4.861328588946951
0.19000000000000003 1.3204142331320803 -4.861328683714003
0.20000000000000004 1.3201306123614742 -4.861328807830259
0.21000000000000005 1.3197807271452988 -4.8613289615761905
0.22000000000000006 1.3193646928269052 -4.861329145296325
0.23000000000000007 1.3188826471238544 -4.861329359398149
0.24000000000000007 1.3183347503781824 -4.861329604350808
0.25000000000000006 1.317721185846795 -4.861329880683516
0.26000000000000006 1.317042160032069 -4.861330188983717
0.2700000000000001 1.316297903052742 -4.861330529894927
0.2800000000000001 1.3154886690551644 -4.861330904114265
0.2900000000000001 1.3146147366649912 -4.861331312389618
0.3000000000000001 1.3136764094793691 -4.86133175551643
0.3100000000000001 1.3126740165996689 -4.861332234334066
0.3200000000000001 1.3116079132047864 -4.861332749721718
0.3300000000000001 1.310478481165009 -4.861333302593813
0.34000000000000014 1.3092861296964093 -4.861333893894881
0.35000000000000014 1.3080312960556872 -4.861334524593836
0.36000000000000015 1.3067144462753282 -4.861335195677629
0.37000000000000016 1.3053360759388877 -4.861335908144212
0.38000000000000017 1.3038967109961435 -4.86133666299476
0.3900000000000002 1.3023969086177705 -4.861337461225134
0.4000000000000002 1.3008372580891114 -4.861338303816468
0.4100000000000002 1.299218381742502 -4.86133919172488
0.4200000000000002 1.2975409359274963 -4.861340125870234
0.4300000000000002 1.2958056120182075 -4.861341107123898
0.4400000000000002 1.2940131374568278 -4.861342136295438
0.45000000000000023 1.2921642768322272 -4.861343214118225
0.46000000000000024 1.2902598329923558 -4.861344341233892
0.47000000000000025 1.2883006481889667 -4.861345518175599
0.48000000000000026 1.2862876052529635 -4.861346745350087
0.49000000000000027 1.2842216287984318 -4.86134802301849
0.5000000000000002 1.2821036864531603 -4.861349351275896
0.5100000000000002 1.2799347901131652 -4.861350730029656
0.5200000000000002 1.2777159972184315 -4.861352158976451
0.5300000000000002 1.2754484120467515 -4.861353637578157
0.5400000000000003 1.2731331870221845 -4.861355165036566
0.5500000000000003 1.2707715240342807 -4.861356740267018
0.5600000000000003 1.2683646757638076 -4.861358361871083
0.5700000000000003 1.265913947010279 -4.861360028108388
0.5800000000000003 1.2634206960161287 -4.8613617368677895
0.5900000000000003 1.2608863357818882 -4.861363485638078
0.6000000000000003 1.2583123353662091 -4.861365271478462
0.6100000000000003 1.2557002211640376 -4.861367090989136
0.6200000000000003 1.2530515781556901 -4.861368940282243
0.6300000000000003 1.2503680511189887 -4.861370814953657
0.6400000000000003 1.2476513457960186 -4.861372710056001
0.6500000000000004 1.244903230005446 -4.861374620073406
0.6600000000000004 1.2421255346906996 -4.861376538898587
0.6700000000000004 1.2393201548936752 -4.861378459812831
0.6800000000000004 1.236489050642967 -4.861380375469589
0.6900000000000004 1.2336342477449878 -4.861382277882395
0.7000000000000004 1.2307578384656785 -4.861384158417907
0.7100000000000004 1.2278619820898935 -4.861386007794905
0.7200000000000004 1.224948905344916 -4.861387816090113
0.7300000000000004 1.222020902673995 -4.861389572751787
0.7400000000000004 1.2190803363452343 -4.861391266621957
0.7500000000000004 1.216129636380687 -4.861392885968298
0.7600000000000005 1.2131713002900681 -4.861394418526532
0.7700000000000005 1.210207892593149 -4.861395851554273
0.7800000000000005 1.207242044114629 -4.861397171897119
0.7900000000000005 1.204276451035116 -4.8613983660677835
0.8000000000000005 1.2013138736818074 -4.861399420338862
0.8100000000000005 1.1983571350425435 -4.861400320849739
0.8200000000000005 1.1954091189871567 -4.861401053727938
0.8300000000000005 1.1924727681804355 -4.861401605224983
0.8400000000000005 1.189551081671615 -4.861401961866595
0.8500000000000005 1.1866471121460942 -4.861402110616747
0.8600000000000005 1.1837639628260734 -4.861402039054752
0.8700000000000006 1.18090478400804 -4.861401735564195
0.8800000000000006 1.178072769226487 -4.861401189532119
0.8900000000000006 1.1752711510349736 -4.861400391556438
0.9000000000000006 1.1725031963976005 -4.861399333659129
0.9100000000000006 1.1697722016862129 -4.861398009502254
0.9200000000000006 1.16708148728114 -4.86139641460349
0.9300000000000006 1.164434391776035 -4.861394546547327
0.9400000000000006 1.161834265790397 -4.861392405187791
0.9500000000000006 1.159284465396603 -4.861389992838136
0.9600000000000006 1.156788345171757 -4.861387314442697
0.9700000000000006 1.1543492508883413 -4.861384377725932
0.9800000000000006 1.1519705118614962 -4.861381193313544
0.9900000000000007 1.1496554329747508 -4.861377774820686
1.0000000000000007 1.1474072864100897 -4.861374138902362
1.0100000000000007 1.1452293031123832 -4.8613703052615165
1.0200000000000007 1.1431246640223178 -4.861366296610766
1.0300000000000007 1.1410964911160324 -4.861362138584413
1.0400000000000007 1.139147838293594 -4.8613578595981535
1.0500000000000007 1.1372816821621958 -4.86135349065491
1.0600000000000007 1.1355009127634492 -4.861349065096319
1.0700000000000007 1.1338083242973012 -4.861344618300625
1.0800000000000007 1.1322066058978766 -4.861340187329079
1.0900000000000007 1.130698332518857 -4.861335810524339
1.1000000000000008 1.1292859559877797 -4.861331527065708
1.1100000000000008 1.1279717962898543 -4.861327376487516
1.1200000000000008 1.1267580331424532 -4.861323398168142
1.1300000000000008 1.12564669792133 -4.861319630798444
1.1400000000000008 1.1246396659988043 -4.86131611183927
1.1500000000000008 1.1237386495526078 -4.861312876978568
1.1600000000000008 1.1229451909018058 -4.8613099595990565
1.1700000000000008 1.1222606564231992 -4.861307390267735
1.1800000000000008 1.1216862310978784 -4.861305196258294
1.1900000000000008 1.121222913733202 -4.86130340111717
1.2000000000000008 1.1208715129004272 -4.8613020242832
1.2100000000000009 1.120632643622604 -4.8613010807697385
1.2200000000000009 1.1205067248412317 -4.861300580916822
1.2300000000000009 1.1204939776836405 -4.861300530219303
1.2400000000000009 1.1205944245462016 -4.861300929235151
1.2500000000000009 1.1208078890013855 -4.861301773576119
1.260000000000001 1.1211339965294793 -4.861303053981026
1.270000000000001 1.1215721760685649 -4.861304756469863
1.280000000000001 1.1221216623692298 -4.86130686257499
1.290000000000001 1.1227814991335696 -4.861309349643835
1.300000000000001 1.1235505429114203 -4.861312191205918
1.310000000000001 1.1244274677205477 -4.861315357395558
1.320000000000001 1.1254107703517782 -4.8613188154205496
1.330000000000001 1.1264987763148862 -4.861322530066197
1.340000000000001 1.1276896463764965 -4.861326464223721
1.350000000000001 1.128981383637375 -4.861330579431726
1.360000000000001 1.130371841093312 -4.8613348364197275
1.370000000000001 1.1318587296213474 -4.86133919564306
1.380000000000001 1.1334396263313866 -4.861343617799282
1.390000000000001 1.1351119832222727 -4.861348064317123
1.400000000000001 1.136873136081119 -4.86135249781012
1.410000000000001 1.1387203135651276 -4.861356882488424
1.420000000000001 1.1406506464061785 -4.861361184523562
1.430000000000001 1.1426611766801342 -4.861365372362368
1.440000000000001 1.1447488670849955 -4.861369416987671
1.450000000000001 1.146910610174718 -4.861373292124714
1.460000000000001 1.1491432374985735 -4.861376974393464
1.470000000000001 1.1514435285993667 -4.8613804434081915
1.480000000000001 1.1538082198275048 -4.861383681826671
1.490000000000001 1.156234012931822 -4.86138667535219
1.500000000000001 1.1587175833920942 -4.861389412692295
1.5100000000000011 1.1612555884622937 -4.8613918854786995
1.5200000000000011 1.1638446748977618 -4.861394088153122
1.5300000000000011 1.1664814863435744 -4.861396017824096
1.5400000000000011 1.1691626703653832 -4.861397674099815
1.5500000000000012 1.171884885107894 -4.861399058902027
1.5600000000000012 1.1746448055698666 -4.861400176265837
1.5700000000000012 1.1774391294880417 -4.861401032130045
1.5800000000000012 1.1802645828257041 -4.861401634122243
1.5900000000000012 1.1831179248646577 -4.86140199134259
1.6000000000000012 1.1859959529022095 -4.861402114149721
1.6100000000000012 1.1888955065573075 -4.8614020139517935
1.6200000000000012 1.19181347169228 -4.861401703005267
1.6300000000000012 1.1947467839586465 -4.861401194223495
1.6400000000000012 1.1976924319772504 -4.8614005009968615
1.6500000000000012 1.2006474601644774 -4.8613996370257055
1.6600000000000013 1.2036089712176097 -4.861398616166948
1.6700000000000013 1.2065741282734108 -4.861397452294982
1.6800000000000013 1.2095401567548698 -4.861396159177041
1.6900000000000013 1.2125043459216676 -4.861394750363077
1.7000000000000013 1.2154640501403688 -4.861393239089828
1.7100000000000013 1.218416689890627 -4.861391638198677
1.7200000000000013 1.2213597525237991 -4.861389960066686
1.7300000000000013 1.2242907927903652 -4.861388216550057
1.7400000000000013 1.227207433152399 -4.861386418939237
1.7500000000000013 1.2301073638970963 -4.861384577924749
1.7600000000000013 1.2329883430670339 -4.861382703572866
1.7700000000000014 1.2358481962224117 -4.861380805310155
1.7800000000000014 1.2386848160500563 -4.861378891915994
1.7900000000000014 1.2414961618334308 -4.861376971522103
1.8000000000000014 1.2442802587973192 -4.861375051618245
1.8100000000000014 1.2470351973402503 -4.861373139063219
1.8200000000000014 1.249759132167093 -4.861371240100366
1.8300000000000014 1.2524502813336178 -4.8613693603768215
1.8400000000000014 1.2551069252141602 -4.86136750496585
1.8500000000000014 1.2577274054028766 -4.861365678391609
1.8600000000000014 1.260310123558433 -4.86136388465578
1.8700000000000014 1.2628535402013288 -4.861362127265562
1.8800000000000014 1.2653561734724355 -4.861360409262547
1.8900000000000015 1.2678165978607208 -4.861358733252101
1.9000000000000015 1.2702334429075426 -4.861357101432888
1.9100000000000015 1.2726053918943285 -4.861355515626236
1.9200000000000015 1.2749311805199177 -4.8613539773050904
1.9300000000000015 1.2772095955733196 -4.8613524876223515
1.9400000000000015 1.2794394736071573 -4.8613510474383945
1.9500000000000015 1.2816196996165914 -4.861349657347663
1.9600000000000015 1.2837492057280862 -4.861348317704202
1.9700000000000015 1.285826969901962 -4.861347028646058
1.9800000000000015 1.2878520146522956 -4.86134579011848
1.9900000000000015 1.2898234057873614 -4.861344601895895
2.0000000000000013 1.2917402511734803 -4.8613434636026325
2.010000000000001 1.29360169952482 -4.8613423747323905
2.020000000000001 1.2954069392214114 -4.86134133466646
2.0300000000000007 1.2971551971573727 -4.861340342690731
2.0400000000000005 1.2988457376210933 -4.861339398011498
2.0500000000000003 1.3004778612089043 -4.861338499770109
2.06 1.3020509037735566 -4.861337647056516
2.07 1.3035642354086474 -4.861336838921751
2.0799999999999996 1.305017259469963 -4.861336074389381
2.0899999999999994 1.3064094116345573 -4.861335352466012
2.099999999999999 1.3077401589982494 -4.86133467215089
2.109999999999999 1.309008999212103 -4.861334032444629
2.1199999999999988 1.3102154596583417 -4.861333432357166
2.1299999999999986 1.3113590966660622 -4.861332870914945
2.1399999999999983 1.3124394947670208 -4.8613323471674255
2.149999999999998 1.3134562659916997 -4.8613318601929345
2.159999999999998 1.3144090492057967 -4.861331409103925
2.1699999999999977 1.3152975094872277 -4.8613309930516895
2.1799999999999975 1.3161213375436895 -4.861330611230566
2.1899999999999973 1.3168802491707952 -4.8613302628816575
2.199999999999997 1.317573984750757 -4.861329947296156
2.209999999999997 1.3182023087915842 -4.861329663818245
2.2199999999999966 1.318765009506728 -4.861329411847658
2.2299999999999964 1.3192618984351114 -4.861329190841895
2.239999999999996 1.319692810101462 -4.861329000318138
2.249999999999996 1.3200576017168697 -4.861328839854892
2.259999999999996 1.3203561529194932 -4.86132870909335
2.2699999999999956 1.3205883655553359 -4.861328607738534
2.2799999999999954 1.3207541634990294 -4.8613285355601965
2.289999999999995 1.3208534925145627 -4.8613284923935085
2.299999999999995 1.3208863201559102 -4.8613284781395585
2.3099999999999947 1.3208526357075272 -4.861328492765622
2.3199999999999945 1.3207524501646872 -4.861328536305275
2.3299999999999943 1.3205857962536574 -4.861328608858284
2.339999999999994 1.320352728491717 -4.861328710590323
2.349999999999994 1.3200533232870433 -4.861328841732478
2.3599999999999937 1.3196876790784962 -4.861329002580556
2.3699999999999934 1.3192559165153501 -4.861329193494177
2.3799999999999932 1.318758178677033 -4.861329414895639
2.389999999999993 1.3181946313329382 -4.861329667268538
2.399999999999993 1.3175654632423828 -4.861329951156131
2.4099999999999926 1.316870886494794 -4.861330267159415
2.4199999999999924 1.3161111368901999 -4.861330615934906
2.429999999999992 1.3152864743601034 -4.861330998192078
2.439999999999992 1.3143971834288082 -4.861331414690448
2.4499999999999917 1.313443573715256 -4.861331866236262
2.4599999999999915 1.3124259804754153 -4.861332353678754
2.4699999999999913 1.3113447651852395 -4.861332877905941
2.479999999999991 1.3102003161641886 -4.861333439839901
2.489999999999991 1.3089930492392596 -4.8613340404315135
2.4999999999999907 1.3077234084494407 -4.861334680654588
2.5099999999999905 1.3063918667904424 -4.861335361499355
2.5199999999999902 1.3049989269994988 -4.861336083965271
2.52999999999999 1.303545122379963 -4.8613368490530515
2.53999999999999 1.3020310176653327 -4.861337657755935
2.5499999999999896 1.3004572099222516 -4.861338511050068
2.5599999999999894 1.2988243294919215 -4.861339409883994
2.569999999999989 1.2971330409692403 -4.861340355167185
2.579999999999989 1.2953840442188465 -4.861341347757535
2.5899999999999888 1.2935780754270951 -4.8613423884478255
2.5999999999999885 1.2917159081888288 -4.86134347795104
2.6099999999999883 1.2897983546276148 -4.861344616884549
2.619999999999988 1.2878262665479225 -4.861345805753091
2.629999999999988 1.2858005366174838 -4.86134704493053
2.6399999999999877 1.2837220995778411 -4.861348334640372
2.6499999999999875 1.2815919334808181 -4.861349674935028
2.6599999999999873 1.279411060948361 -4.8613510656738175
2.669999999999987 1.2771805504528837 -4.861352506499756
2.679999999999987 1.2749015176149148 -4.861353996815141
2.6899999999999866 1.2725751265144865 -4.861355535755997
2.6999999999999864 1.2702025910123078 -4.861357122165481
2.709999999999986 1.2677851760763634 -4.861358754566339
2.719999999999986 1.2653241991091289 -4.861360431132568
2.7299999999999858 1.2628210312701333 -4.861362149660453
2.7399999999999856 1.2602770987881082 -4.861363907539195
2.7499999999999853 1.257693884256435 -4.86136570172139
2.759999999999985 1.2550729279050727 -4.861367528693652
2.769999999999985 1.2524158288415712 -4.861369384447742
2.7799999999999847 1.2497242462531934 -4.861371264452596
2.7899999999999845 1.2469999005615577 -4.86137316362771
2.7999999999999843 1.2442445745205903 -4.861375076318404
2.809999999999984 1.241460114247939 -4.861376996273524
2.819999999999984 1.238648430179351 -4.861378916626232
2.8299999999999836 1.2358114979348669 -4.861380829878555
2.8399999999999834 1.2329513590850312 -4.861382727890451
2.849999999999983 1.2300701218046777 -4.8613846018741915
2.859999999999983 1.2271699614012186 -4.861386442394903
2.869999999999983 1.2242531207037568 -4.861388239378155
2.8799999999999826 1.221321910298775 -4.8613899821255195
2.8899999999999824 1.2183787085976143 -4.861391659339024
2.899999999999982 1.2154259617204832 -4.861393259155445
2.909999999999982 1.2124661831813195 -4.861394769191357
2.9199999999999817 1.2095019533574982 -4.861396176599814
2.9299999999999815 1.2065359187281288 -4.8613974681394945
2.9399999999999813 1.2035707908645563 -4.861398630257008
2.949999999999981 1.2006093451566602 -4.861399649183005
2.959999999999981 1.1976544192586729 -4.861400511042497
2.9699999999999807 1.1947089112385163 -4.861401201979666
2.9799999999999804 1.1917757774151003 -4.861401708297158
2.9899999999999802 1.1888580298686657 -4.861402016609645
2.99999999999998 1.1859587336100865 -4.8614021140110655
3.00999999999998 1.1830810033960981 -4.861401988254648
3.0199999999999796 1.1802280001787058 -4.861401627944456
3.0299999999999794 1.177402927178543 -4.861401022736727
3.039999999999979 1.1746090255737343 -4.861400163548899
3.049999999999979 1.1718495697978453 -4.861399042773762
3.0599999999999787 1.1691278624428019 -4.86139765449568
3.0699999999999785 1.1664472287652201 -4.861395994705455
3.0799999999999783 1.1638110107974073 -4.861394061509894
3.089999999999978 1.161222561067367 -4.8613918553318625
3.099999999999978 1.1586852359354438 -4.86138937909616
3.1099999999999777 1.156202388558775 -4.861386638396415
3.1199999999999775 1.1537773614984335 -4.861383641637927
3.1299999999999772 1.151413478988028 -4.861380400151418
3.139999999999977 1.1491140388865448 -4.861376928272662
3.149999999999977 1.1468823043422989 -4.861373243383202
3.1599999999999766 1.1447214951990015 -4.861369365907759
3.1699999999999764 1.1426347791790612 -4.8613653192644
3.179999999999976 1.1406252628832683 -4.861361129764297
3.189999999999976 1.1386959826499108 -4.861356826458716
3.1999999999999758 1.1368498953200616 -4.861352440931909
3.2099999999999755 1.1350898689591928 -4.861348007039727
3.2199999999999753 1.1334186735883438 -4.861343560595008
3.229999999999975 1.1318389719807398 -4.861339139002193
3.239999999999975 1.1303533105819437 -4.861334780844943
3.2499999999999747 1.1289641106132666 -4.861330525431993
3.2599999999999745 1.1276736594192305 -4.861326412307809
3.2699999999999743 1.126484102120272 -4.861322480735886
3.279999999999974 1.125397433631619 -4.861318769163656
3.289999999999974 1.124415491108271 -4.861315314678925
3.2999999999999736 1.123539946874309 -4.8613121524685
3.3099999999999734 1.1227723018922908 -4.861309315290031
3.319999999999973 1.1221138798253192 -4.861306832968348
3.329999999999973 1.1215658217404625 -4.861304731927326
3.3399999999999728 1.1211290814976576 -4.8613030347678325
3.3499999999999726 1.1208044218630309 -4.861301759901472
3.3599999999999723 1.1205924113798433 -4.861300921248775
3.369999999999972 1.1204934220240295 -4.861300528008955
3.379999999999972 1.1205076276646913 -4.861300584506832
3.3899999999999717 1.1206350033429766 -4.8613010901206
3.3999999999999715 1.1208753253756571 -4.861302039292229
3.4099999999999713 1.121228172282493 -4.861303421620221
3.419999999999971 1.1216929265292779 -4.861305222032475
3.429999999999971 1.1222687770713689 -4.86130742103508
3.4399999999999706 1.1229547226756516 -4.861309995031034
3.4499999999999704 1.1237495759923626 -4.861312916701361
3.45999999999997 1.1246519683420788 -4.861316155439672
3.46999999999997 1.1256603551775786 -4.86131967783024
3.47999999999997 1.1267730221752434 -4.861323448158865
3.4899999999999696 1.1279880919062724 -4.861327428945387
3.4999999999999694 1.129303531034264 -4.861331581486659
3.509999999999969 1.1307171579827158 -4.861335866398941
3.519999999999969 1.132226651013722 -4.8613402441492894
3.5299999999999687 1.1338295566576175 -4.861344675566182
3.5399999999999685 1.1355232984325063 -4.861349122320733
3.5499999999999683 1.1373051857925207 -4.8613535473709115
3.559999999999968 1.1391724232442295 -4.8613579153625714
3.569999999999968 1.1411221195718257 -4.861362192982395
3.5799999999999677 1.1431512971135118 -4.8613663492593275
3.5899999999999674 1.1452569010338158 -4.861370355812387
3.5999999999999672 1.1474358085393426 -4.861374187044129
3.609999999999967 1.149684837988635 -4.861377820280259
3.619999999999967 1.1520007578503086 -4.8613812358569595
3.6299999999999666 1.1543802954673716 -4.861384417158531
3.6399999999999664 1.1568201455895821 -4.861387350608741
3.649999999999966 1.1593169786397526 -4.861390025619895
3.659999999999966 1.1618674486840357 -4.861392434504186
3.6699999999999657 1.1644682010803484 -4.861394572352176
3.6799999999999655 1.1671158797831742 -4.861396436883428
3.6899999999999653 1.1698071342869605 -4.861398028274393
3.699999999999965 1.172538626194179 -4.861399348968513
3.709999999999965 1.1753070353977868 -4.861400403473378
3.7199999999999647 1.178109065871301 -4.8614011981494265
3.7299999999999645 1.1809414510629497 -4.861401740994401
3.7399999999999642 1.1838009588933704 -4.861402041427327
3.749999999999964 1.186684396359081 -4.861402110075396
3.759999999999964 1.1895886137464413 -4.861401958566627
3.7699999999999636 1.1925105084630585 -4.861401599330814
3.7799999999999634 1.1954470284955534 -4.861401045410729
3.789999999999963 1.198395175504319 -4.8614003102851955
3.799999999999963 1.201352007567366 -4.861399407705212
3.8099999999999627 1.2043146415865726 -4.861398351543937
3.8199999999999625 1.2072802553706492 -4.861397155661008
3.8299999999999623 1.210246089409919 -4.861395833781385
3.839999999999962 1.213209448358597 -4.8613943993886295
3.849999999999962 1.2161677022406525 -4.861392865632303
3.8599999999999617 1.2191182873955824 -4.861391245249034
3.8699999999999615 1.2220587071805034 -4.86138955049656
3.8799999999999613 1.2249865324449343 -4.861387793100054
3.889999999999961 1.2278994017944642 -4.861385984209854
3.899999999999961 1.2307950216592454 -4.861384134369738
3.9099999999999606 1.2336711661828859 -4.861382253494771
3.9199999999999604 1.2365256769468909 -4.861380350857852
3.92999999999996 1.239356462545305 -4.861378435083968
3.93999999999996 1.2421614980236708 -4.861376514151288
3.9499999999999598 1.244938824195824 -4.861374595398185
3.9599999999999596 1.2476865468514498 -4.861372685535382
3.9699999999999593 1.2504028358666757 -4.86137079066241
3.979999999999959 1.2530859242293386 -4.861368916287665
3.989999999999959 1.2557341069899142 -4.861367067351361
3.9999999999999587 1.2583457401484366 -4.861365248250798
4.009999999999959 1.2609192394871003 -4.861363462867362
4.019999999999959 1.263453079357596 -4.861361714594763
4.0299999999999585 1.2659457914316126 -4.861360006368068
4.039999999999958 1.2683959634223354 -4.8613583406931475
4.049999999999958 1.270802237784187 -4.8613567196761815
4.059999999999958 1.273163310397497 -4.861355145052955
4.069999999999958 1.275477929244249 -4.861353618217682
4.079999999999957 1.2777448930805428 -4.861352140251157
4.089999999999957 1.2799630501109245 -4.861350711948074
4.099999999999957 1.2821312966692737 -4.861349333843374
4.109999999999957 1.2842485759105087 -4.861348006237509
4.119999999999957 1.2863138765169597 -4.861346729220569
4.129999999999956 1.288326231422883 -4.86134550269519
4.139999999999956 1.290284716560226 -4.861344326398236
4.149999999999956 1.2921884496284362 -4.861343199921216
4.159999999999956 1.2940365888907814 -4.861342122729464
4.1699999999999555 1.2958283319993886 -4.861341094180061
4.179999999999955 1.2975629148509247 -4.861340113538557
4.189999999999955 1.2992396104746227 -4.861339179994501
4.199999999999955 1.3008577279541254 -4.861338292675817
4.209999999999955 1.302416611384425 -4.8613374506621
4.2199999999999545 1.303915638864997 -4.86133665299684
4.229999999999954 1.3053542215300558 -4.8613358986986475
4.239999999999954 1.3067318026167232 -4.86133518677154
4.249999999999954 1.3080478565717593 -4.861334516214326
4.259999999999954 1.3093018881973921 -4.861333886029152
4.269999999999953 1.3104934318366792 -4.861333295229253
4.279999999999953 1.3116220505987368 -4.861332742845993
4.289999999999953 1.3126873356241011 -4.861332227935191
4.299999999999953 1.3136889053904055 -4.861331749582844
4.3099999999999525 1.3146264050585093 -4.8613313069102455
4.319999999999952 1.3154995058591532 -4.861330899078571
4.329999999999952 1.3163079045201818 -4.861330525292971
4.339999999999952 1.3170513227343332 -4.861330184806186
4.349999999999952 1.317729506667573 -4.861329876921774
4.3599999999999515 1.3183422265079257 -4.861329600996925
4.369999999999951 1.3188892760547415 -4.861329356444935
4.379999999999951 1.3193704723483273 -4.861329142737349
4.389999999999951 1.319785655339863 -4.8613289594058084
4.399999999999951 1.3201346876015245 -4.861328806043629
4.40999999999995 1.320417454076735 -4.861328682307105
4.41999999999995 1.3206338618704725 -4.861328587916592
4.42999999999995 1.3207838400795657 -4.861328522657363
4.43999999999995 1.3208673396629276 -4.861328486380246
4.4499999999999496 1.3208843333516758 -4.861328479002062
4.459999999999949 1.3208348155991143 -4.861328500505876
4.469999999999949 1.320718802570556 -4.8613285509410336
4.479999999999949 1.320536332172981 -4.861328630423027
4.489999999999949 1.3202874641245448 -4.861328739133152
4.4999999999999485 1.319972280063957 -4.861328877317974
4.509999999999948 1.3195908836997734 -4.861329045288584
4.519999999999948 1.319143400999645 -4.861329243419633
4.529999999999948 1.3186299804195911 -4.861329472148149
4.539999999999948 1.3180507931733616 -4.861329731972086
4.549999999999947 1.3174060335419646 -4.861330023448633
4.559999999999947 1.3166959192234413 -4.86133034719222
4.569999999999947 1.315920691722963 -4.8613307038722136
4.579999999999947 1.31508061678333 -4.861331094210279
4.589999999999947 1.314175984855936 -4.861331518977375
4.599999999999946 1.3132071116122568 -4.8613319789903375
4.609999999999946 1.3121743384958968 -4.861332475108035
4.619999999999946 1.3110780333152061 -4.861333008227037
4.629999999999946 1.3099185908764506 -4.8613335792767804
4.6399999999999455 1.3086964336574767 -4.8613341892141575
4.649999999999945 1.3074120125217692 -4.861334839017502
4.659999999999945 1.306065807472743 -4.8613355296799226
4.669999999999945 1.3046583284480453 -4.861336262201924
4.679999999999945 1.303190116153575 -4.861337037583269
4.689999999999944 1.301661742936832 -4.861337856814029
4.699999999999944 1.3000738136991177 -4.861338720864771
4.709999999999944 1.298426966845996 -4.861339630675812
4.719999999999944 1.2967218752752965 -4.861340587145516
4.729999999999944 1.2949592474018075 -4.86134159111755
4.739999999999943 1.2931398282176452 -4.861342643367071
4.749999999999943 1.29126440038712 -4.861343744585776
4.759999999999943 1.289333785374724 -4.8613448953658125
4.769999999999943 1.2873488446046601 -4.861346096182465
4.7799999999999425 1.2853104806501063 -4.861347347375615
4.789999999999942 1.2832196384501486 -4.8613486491299644
4.799999999999942 1.2810773065520598 -4.8613500014539985
4.809999999999942 1.2788845183762927 -4.861351404157692
4.819999999999942 1.2766423535012483 -4.861352856829016
4.8299999999999415 1.2743519389645326 -4.8613543588092325
4.839999999999941 1.272014450577046 -4.861355909167096
4.849999999999941 1.2696311142458625 -4.861357506672014
4.859999999999941 1.2672032073014252 -4.861359149766306
4.869999999999941 1.2647320598241527 -4.861360836536697
4.87999999999994 1.2622190559650632 -4.861362564685232
4.88999999999994 1.2596656352545368 -4.86136433149985
4.89999999999994 1.2570732938928035 -4.861366133824863
4.90999999999994 1.254443586015204 -4.861367968031675
4.9199999999999395 1.2517781249246895 -4.861369829990072
4.929999999999939 1.2490785842834433 -4.861371715040542
4.939999999999939 1.2463466992548864 -4.861373617968051
4.949999999999939 1.2435842675867061 -4.86137553297784
4.959999999999939 1.2407931506249081 -4.861377453673796
4.9699999999999385 1.237975274248235 -4.861379373040075
4.979999999999938 1.2351326297116527 -4.861381283426657
4.989999999999938 1.2322672743869494 -4.861383176539602
4.999999999999938 1.2293813323878529 -4.861385043436822
5.009999999999938 1.226476995066449 -4.861386874530218
5.019999999999937 1.2235565213670836 -4.861388659595079
5.029999999999937 1.220622238023366 -4.861390387787677
5.039999999999937 1.2176765395833709 -4.861392047671975
5.049999999999937 1.2147218882476727 -4.861393627256404
5.0599999999999365 1.2117608135044513 -4.861395114041592
5.069999999999936 1.2087959115455886 -4.861396495079958
5.079999999999936 1.2058298444474653 -4.861397757047914
5.089999999999936 1.2028653391000497 -4.861398886331417
5.099999999999936 1.1999051858678929 -4.861399869125421
5.1099999999999355 1.1969522369668038 -4.86140069154764
5.119999999999935 1.1940094045402903 -4.861401339766806
5.129999999999935 1.1910796584203471 -4.861401800145396
5.139999999999935 1.1881660235578515 -4.861402059396514
5.149999999999935 1.1852715771087097 -4.861402104754269
5.159999999999934 1.182399445163011 -4.8614019241566755
5.169999999999934 1.1795527991057766 -4.861401506439691
5.179999999999934 1.1767348515994782 -4.861400841540604
5.189999999999934 1.1739488521803392 -4.861399920708531
5.199999999999934 1.1711980824625234 -4.86139873671934
5.209999999999933 1.168485850946682 -4.861397284091897
5.219999999999933 1.1658154874319437 -4.861395559302021
5.229999999999933 1.1631903370333219 -4.8613935609902
5.239999999999933 1.1606137538096335 -4.861391290158685
5.2499999999999325 1.15808909401039 -4.861388750353313
5.259999999999932 1.1556197089536935 -4.861385947825115
5.269999999999932 1.1532089375509338 -4.861382891666708
5.279999999999932 1.1508600984980017 -4.861379593918366
5.289999999999932 1.1485764821567626 -4.861376069638806
5.299999999999931 1.1463613421546497 -4.861372336935988
5.309999999999931 1.144217886734361 -4.861368416953596
5.319999999999931 1.1421492698897489 -4.861364333809476
5.329999999999931 1.1401585823279925 -4.861360114483006
5.339999999999931 1.1382488423020065 -4.861355788649285
5.34999999999993 1.1364229863606605 -4.861351388459073
5.35999999999993 1.1346838600677327 -4.861346948264596
5.36999999999993 1.1330342087435008 -4.861342504292567
5.37999999999993 1.1314766682854298 -4.861338094267212
5.3899999999999295 1.1300137561264847 -4.861333756987431
5.399999999999929 1.1286478623911012 -4.861329531863623
5.409999999999929 1.127381241309764 -4.861325458421071
5.419999999999929 1.1262160029533823 -4.861321575778011
5.429999999999929 1.1251541053482224 -4.861317922107593
5.4399999999999284 1.124197347030989 -4.861314534093855
5.449999999999928 1.1233473601017594 -4.861311446392477
5.459999999999928 1.1226056038298386 -4.861308691107441
5.469999999999928 1.1219733588642549 -4.8613062972948375
5.479999999999928 1.1214517220965499 -4.861304290504761
5.489999999999927 1.121041602218815 -4.861302692371706
5.499999999999927 1.1207437160145894 -4.861301520262922
5.509999999999927 1.120558585414383 -4.861300786993032
5.519999999999927 1.120486535341255 -4.861300500611738
5.5299999999999265 1.120527692365182 -4.861300664269723
5.539999999999926 1.120681984177963 -4.861301276166
5.549999999999926 1.1209491398932647 -4.861302329578021
5.559999999999926 1.121328691169174 -4.861303812973786
5.569999999999926 1.1218199741434474 -4.86130571020323
5.5799999999999255 1.122422132164609 -4.861308000764266
5.589999999999925 1.1231341192952577 -4.861310660137107
5.599999999999925 1.1239547045575093 -4.861313660178948
5.609999999999925 1.1248824768845014 -4.861316969569832
5.619999999999925 1.1259158507364122 -4.861320554299522
5.629999999999924 1.1270530723345555 -4.861324378184538
5.639999999999924 1.1282922264628747 -4.861328403404164
5.649999999999924 1.1296312437826128 -4.861332591044283
5.659999999999924 1.131067908603098 -4.861336901638063
5.6699999999999235 1.1325998670494957 -4.86134129569326
5.679999999999923 1.134224635567016 -4.861345734196575
5.689999999999923 1.1359396097004313 -4.861350179086714
5.699999999999923 1.1377420730878232 -4.861354593688827
5.709999999999923 1.1396292066082157 -4.861358943104488
5.7199999999999225 1.1415980976240938 -4.8613631945526325
5.729999999999922 1.1436457492617365 -4.86136731765836
5.739999999999922 1.1457690896747144 -4.861371284687834
5.749999999999922 1.1479649812387815 -4.8613750707288395
5.759999999999922 1.1502302296296358 -4.861378653817752
5.769999999999921 1.1525615927385853 -4.86138201501478
5.779999999999921 1.1549557893849562 -4.861385138430249
5.789999999999921 1.1574095077880515 -4.861388011205497
5.799999999999921 1.1599194137655457 -4.861390623452541
5.809999999999921 1.1624821586293381 -4.861392968157151
5.81999999999992 1.165094386753995 -4.861395041050235
5.82999999999992 1.1677527427969807 -4.861396840452615
5.83999999999992 1.1704538785538254 -4.861398367098209
5.84999999999992 1.173194459435184 -4.861399623940647
5.8599999999999195 1.1759711705563738 -4.8614006159480025
5.869999999999919 1.1787807224334004 -4.861401349890124
5.879999999999919 1.1816198562826665 -4.861401834122642
5.889999999999919 1.1844853489245208 -4.861402078371361
5.899999999999919 1.1873740172934841 -4.861402093520265
5.909999999999918 1.1902827225604304 -4.861401891405948
5.919999999999918 1.1932083738741648 -4.861401484620829
5.929999999999918 1.196147931731748 -4.861400886327064
5.939999999999918 1.1990984109885696 -4.861400110082627
5.949999999999918 1.202056883520574 -4.8613991696806735
5.959999999999917 1.2050204805522178 -4.861398079002904
5.969999999999917 1.207986394664673 -4.86139685188734
5.979999999999917 1.2109518814995326 -4.86139550201062
5.989999999999917 1.2139142611738145 -4.8613940427846645
5.9999999999999165 1.2168709194224205 -4.8613924872673975
6.009999999999916 1.219819308484408 -4.8613908480869465
6.019999999999916 1.2227569477494895 -4.8613891373786915
6.029999999999916 1.225681424181094 -4.861387366734386
6.039999999999916 1.2285903925321393 -4.861385547162469
6.0499999999999154 1.231481575369369 -4.861383689058712
6.059999999999915 1.2343527629217408 -4.861381802186222
6.069999999999915 1.2372018127678945 -4.8613798956639025
6.079999999999915 1.2400266493772367 -4.861377977962423
6.089999999999915 1.2428252635186106 -4.861376056906796
6.099999999999914 1.2455957115499383 -4.8613741396847
6.109999999999914 1.2483361146016037 -4.861372232859716
6.119999999999914 1.2510446576657002 -4.86137034238871
6.129999999999914 1.253719588602631 -4.861368473642632
6.1399999999999135 1.2563592170758853 -4.861366631430088
6.149999999999913 1.258961913425173 -4.861364820023052
6.159999999999913 1.2615261074874529 -4.861363043184216
6.169999999999913 1.2640502873747574 -4.861361304195448
6.179999999999913 1.2665329982171023 -4.861359605886961
6.1899999999999125 1.2689728408781695 -4.8613579506668
6.199999999999912 1.2713684706508739 -4.861356340550327
6.209999999999912 1.2737185959393704 -4.861354777189417
6.219999999999912 1.2760219769335268 -4.861353261901147
6.229999999999912 1.2782774242813815 -4.861351795695757
6.239999999999911 1.2804837977646246 -4.861350379303753
6.249999999999911 1.2826400049816904 -4.861349013202003
6.259999999999911 1.2847450000426206 -4.861347697638736
6.269999999999911 1.2867977822794545 -4.861346432657386
6.2799999999999105 1.2887973949755318 -4.861345218119204
6.28999999999991 1.290742924116743 -4.861344053724642
6.29999999999991 1.292633497167433 -4.861342939033484
6.30999999999991 1.2944682818733724 -4.861341873483709
6.31999999999991 1.2962464850939224 -4.861340856409139
6.3299999999999095 1.297967351665272 -4.861339887055865
6.339999999999909 1.2996301632963885 -4.861338964597502
6.349999999999909 1.3012342374991064 -4.861338088149307
6.359999999999909 1.3027789265535927 -4.861337256781206
6.369999999999909 1.3042636165102368 -4.861336469529784
6.379999999999908 1.3056877262288678 -4.86133572540928
6.389999999999908 1.3070507064560477 -4.8613350234216535
6.399999999999908 1.3083520389410659 -4.861334362565763
6.409999999999908 1.309591235591145 -4.861333741845717
6.419999999999908 1.3107678376662648 -4.861333160278459
6.429999999999907 1.311881415013926 -4.861332616900621
6.439999999999907 1.3129315653440927 -4.861332110774713
6.449999999999907 1.313917913544492 -4.861331640994692
6.459999999999907 1.314840111036384 -4.861331206690947
6.4699999999999065 1.3156978351708726 -4.86133080703477
6.479999999999906 1.3164907886657866 -4.861330441242327
6.489999999999906 1.3172186990831256 -4.861330108578182
6.499999999999906 1.3178813183470384 -4.861329808358419
6.509999999999906 1.3184784223022874 -4.861329539953372
6.519999999999905 1.3190098103131316 -4.86132930279002
6.529999999999905 1.319475304902555 -4.861329096354061
6.539999999999905 1.3198747514317617 -4.861328920191685
6.549999999999905 1.3202080178198592 -4.8613287739110875
6.559999999999905 1.320474994303652 -4.861328657183726
6.569999999999904 1.320675593237474 -4.8613285697453446
6.579999999999904 1.320809748932998 -4.861328511396767
6.589999999999904 1.3208774175389661 -4.861328482004503
6.599999999999904 1.320878576960805 -4.86132848150113
6.6099999999999035 1.320813226820091 -4.86132850988549
6.619999999999903 1.3206813884538566 -4.861328567222699
6.629999999999903 1.3204831049537349 -4.861328653643951
6.639999999999903 1.320218441244955 -4.861328769346141
6.649999999999903 1.3198874842052206 -4.861328914591266
6.659999999999902 1.3194903428235085 -4.861329089705646
6.669999999999902 1.3190271483988398 -4.861329295078899
6.679999999999902 1.318498054779091 -4.861329531162695
6.689999999999902 1.31790323863991 -4.8613297984692565
6.699999999999902 1.3172428998038197 -4.861330097569592
6.709999999999901 1.3165172615995828 -4.861330429091427
6.719999999999901 1.3157265712619117 -4.861330793716836
6.729999999999901 1.314871100371595 -4.861331192179505
6.739999999999901 1.3139511453361048 -4.8613316252616405
6.7499999999999005 1.3129670279107384 -4.8613320937904465
6.7599999999999 1.3119190957603224 -4.861332598634181
6.7699999999999 1.3108077230614872 -4.8613331406977
6.7799999999999 1.3096333111454852 -4.861333720917485
6.7899999999999 1.3083962891814818 -4.861334340256103
6.7999999999998995 1.3070971149002082 -4.861334999696035
6.809999999999899 1.305736275357801 -4.861335700232849
6.819999999999899 1.3043142877395906 -4.861336442867639
6.829999999999899 1.30283170020352 -4.861337228598704
6.839999999999899 1.301289092762792 -4.861338058412397
6.849999999999898 1.2996870782072363 -4.86133893327309
6.859999999999898 1.298026303062776 -4.861339854112216
6.869999999999898 1.2963074485882515 -4.861340821816311
6.879999999999898 1.2945312318087014 -4.8613418372140265
6.8899999999998975 1.2926984065840608 -4.861342901062047
6.899999999999897 1.290809764712042 -4.861344014029879
6.909999999999897 1.2888661370637848 -4.861345176683465
6.919999999999897 1.2868683947506367 -4.861346389467578
6.929999999999897 1.2848174503202006 -4.861347652687002
6.9399999999998965 1.2827142589795233 -4.86134896648644
6.949999999999896 1.280559819843032 -4.861350330829186
6.959999999999896 1.2783551772025141 -4.861351745474545
6.969999999999896 1.2761014218161226 -4.861353209954036
6.979999999999896 1.273799692213033 -4.861354723546426
6.989999999999895 1.271451176010008 -4.861356285251676
6.999999999999895 1.2690571112357247 -4.861357893763877
7.009999999999895 1.2666187876582948 -4.861359547443302
7.019999999999895 1.2641375481109518 -4.861361244287749
7.0299999999998946 1.2616147898104038 -4.861362981903361
7.039999999999894 1.259051965661848 -4.861364757475137
7.049999999999894 1.2564505855441044 -4.86136656773745
7.059999999999894 1.2538122175677822 -4.861368408944857
7.069999999999894 1.2511384892988078 -4.861370276843604
7.0799999999998935 1.2484310889390489 -4.86137216664424
7.089999999999893 1.245691766455153 -4.861374072995829
7.099999999999893 1.2429223346460878 -4.8613759899623
7.109999999999893 1.240124670139224 -4.861377911001538
7.119999999999893 1.2373007143041568 -4.861379828947871
7.129999999999892 1.234452474072807 -4.861381735998677
7.139999999999892 1.2315820226536927 -4.861383623705876
7.149999999999892 1.2286915001276313 -4.861385482973136
7.159999999999892 1.2257831139115045 -4.86138730405966
7.169999999999892 1.2228591390761323 -4.8613890765914505
7.179999999999891 1.219921918503747 -4.861390789580989
7.189999999999891 1.216973862870048 -4.861392431456255
7.199999999999891 1.2140174504353676 -4.861393990100032
7.209999999999891 1.2110552266291073 -4.861395452900382
7.2199999999998905 1.2080898034113021 -4.861396806813171
7.22999999999989 1.2051238583949837 -4.861398038437394
7.23999999999989 1.2021601337129284 -4.861399134103987
7.24999999999989 1.19920143461243 -4.861400079978658
7.25999999999989 1.1962506277619256 -4.8614008621790905
7.269999999999889 1.1933106392536694 -4.861401466906656
7.279999999999889 1.1903844522871723 -4.86140188059256
7.289999999999889 1.1874751045188634 -4.861402090057994
7.299999999999889 1.1845856850643606 -4.861402082687615
7.309999999999889 1.1817193311408982 -4.861401846615222
7.319999999999888 1.178879224338861 -4.861401370920208
7.329999999999888 1.1760685865130092 -4.861400645832856
7.339999999999888 1.173290675285881 -4.861399662946147
7.349999999999888 1.1705487791580214 -4.861398415431311
7.3599999999998875 1.1678462122221007 -4.861396898253847
7.369999999999887 1.1651863084806793 -4.8613951083863896
7.379999999999887 1.1625724157703052 -4.861393045014295
7.389999999999887 1.1600078892978278 -4.861390709729534
7.399999999999887 1.1574960847982148 -4.861388106708152
7.4099999999998865 1.155040351326787 -4.861385242866343
7.419999999999886 1.1526440237025892 -4.861382127990073
7.429999999999886 1.1503104146235572 -4.861378774833199
7.439999999999886 1.1480428064782062 -4.861375199179149
7.449999999999886 1.145844442882677 -4.861371419861548
7.459999999999885 1.1437185199761086 -4.861367458739571
7.469999999999885 1.1416681775113875 -4.861363340624469
7.479999999999885 1.1396964897823034 -4.861359093154429
7.489999999999885 1.1378064564319454 -4.861354746615911
7.4999999999998845 1.1360009931907427 -4.861350333710646
7.509999999999884 1.1342829225958138 -4.86134588926868
7.519999999999884 1.1326549647461823 -4.861341449909221
7.529999999999884 1.131119728150854 -4.861337053652295
7.539999999999884 1.1296797007286947 -4.861332739485758
7.5499999999998835 1.128337241020419 -4.8613285468934935
7.559999999999883 1.1270945696737544 -4.861324515351974
7.569999999999883 1.125953761262936 -4.861320683803641
7.579999999999883 1.1249167365030757 -4.861317090116487
7.589999999999883 1.1239852549186171 -4.861313770540166
7.599999999999882 1.1231609080230196 -4.861310759169521
7.609999999999882 1.1224451130640065 -4.861308087426697
7.619999999999882 1.1218391073851919 -4.861305783573036
7.629999999999882 1.1213439434506778 -4.861303872261599
7.6399999999998816 1.1209604845743577 -4.861302374140539
7.649999999999881 1.1206894013901931 -4.8613013055165375
7.659999999999881 1.1205311690937594 -4.861300678086265
7.669999999999881 1.1204860654789255 -4.861300498742298
7.679999999999881 1.120554169786762 -4.861300769458186
7.6899999999998805 1.1207353623767364 -4.861301487255477
7.69999999999988 1.1210293252230739 -4.861302644253469
7.70999999999988 1.1214355432319416 -4.861304227800526
7.71999999999988 1.121953306367948 -4.861306220683722
7.72999999999988 1.1225817125714663 -4.861308601411785
7.739999999999879 1.1233196714415767 -4.861311344564545
7.749999999999879 1.1241659086530826 -4.861314421200686
7.759999999999879 1.125118971070174 -4.861317799314326
7.769999999999879 1.126177232513968 -4.861321444330071
7.779999999999879 1.1273389001364225 -4.86132531962558
7.789999999999878 1.1286020213490342 -4.861329387070466
7.799999999999878 1.1299644912513582 -4.861333607570323
7.809999999999878 1.1314240605017252 -4.861337941605157
7.819999999999878 1.1329783435706144 -4.861342349752039
7.8299999999998775 1.1346248273159572 -4.861346793182744
7.839999999999877 1.136360879819177 -4.86135123412821
7.849999999999877 1.1381837594210047 -4.8613556363028945
7.859999999999877 1.1400906238969868 -4.861359965283426
7.869999999999877 1.1420785397141004 -4.8613641888373635
7.879999999999876 1.1441444913119343 -4.8613682771992845
7.889999999999876 1.1462853903544328 -4.86137220329273
7.899999999999876 1.148498084901175 -4.861375942897891
7.909999999999876 1.1507793684504861 -4.8613794747660695
7.919999999999876 1.1531259888103027 -4.861382780682977
7.929999999999875 1.155534656756559 -4.861385845483859
7.939999999999875 1.15800205444287 -4.861388657024187
7.949999999999875 1.1605248435293751 -4.86139120611017
7.959999999999875 1.163099673002749 -4.861393486393844
7.9699999999998745 1.1657231866634838 -4.86139549423765
7.979999999999874 1.1683920302605957 -4.8613972285536144
7.989999999999874 1.1711028582578207 -4.86139869062215
7.999999999999874 1.1738523402191439 -4.8613998838954195
8.009999999999874 1.1766371668050746 -4.861400813789906
8.019999999999873 1.1794540553744626 -4.86140148747261
8.029999999999873 1.1822997551897783 -4.861401913644822
8.039999999999873 1.185171052226671 -4.861402102327095
8.049999999999873 1.188064773591253 -4.861402064648542
8.059999999999873 1.1909777915509225 -4.861401812643171
8.069999999999872 1.193907027186644 -4.861401359055477
8.079999999999872 1.1968494536764571 -4.861400717157139
8.089999999999872 1.199802099221566 -4.86139990057617
8.099999999999872 1.20276204962772 -4.8613989231395704
8.109999999999872 1.2057264505557 -4.861397798730091
8.119999999999871 1.2086925094556247 -4.861396541157468
8.129999999999871 1.2116574972004794 -4.861395164044157
8.139999999999871 1.2146187494347604 -4.8613936807253895
8.14999999999987 1.2175736676544568 -4.861392104163151
8.15999999999987 1.2205197200347544 -4.861390446873508
8.16999999999987 1.2234544420218656 -4.861388720866605
8.17999999999987 1.2263754367052884 -4.8613869375985255
8.18999999999987 1.2292803749865788 -4.861385107934153
8.19999999999987 1.2321669955604129 -4.861383242120123
8.20999999999987 1.2350331047233196 -4.861381349766934
8.21999999999987 1.237876576025004 -4.861379439839272
8.229999999999869 1.2406953497766604 -4.861377520653636
8.239999999999869 1.2434874324301173 -4.861375599882359
8.249999999999869 1.246250895841048 -4.861373684563179
8.259999999999868 1.248983876428867 -4.8613717811135215
8.269999999999868 1.2516845742452865 -4.861369895348769
8.279999999999868 1.2543512519628586 -4.861368032503771
8.289999999999868 1.2569822337941794 -4.8613661972569755
8.299999999999867 1.2595759043517778 -4.86136439375659
8.309999999999867 1.2621307074580739 -4.861362625648221
8.319999999999867 1.2646451449141631 -4.861360896103553
8.329999999999867 1.267117775235569 -4.861359207849615
8.339999999999867 1.269547212362512 -4.861357563198305
8.349999999999866 1.2719321243516766 -4.861355964075814
8.359999999999866 1.274271232055895 -4.861354412051741
8.369999999999866 1.27656330779766 -4.861352908367608
8.379999999999866 1.2788071740418605 -4.861351453964638
8.389999999999866 1.2810017020726785 -4.861350049510628
8.399999999999865 1.2831458106791185 -4.86134869542579
8.409999999999865 1.2852384648532424 -4.8613473919074845
8.419999999999865 1.2872786745047688 -4.861346138953764
8.429999999999865 1.289265493195338 -4.86134493638571
8.439999999999864 1.2911980168953965 -4.861343783868509
8.449999999999864 1.2930753827663377 -4.861342680931281
8.459999999999864 1.2948967679702397 -4.861341626985656
8.469999999999864 1.2966613885092655 -4.861340621343125
8.479999999999864 1.2983684980965489 -4.861339663231182
8.489999999999863 1.3000173870601484 -4.861338751808314
8.499999999999863 1.3016073812814555 -4.861337886177841
8.509999999999863 1.3031378411692396 -4.861337065400705
8.519999999999863 1.3046081606703497 -4.861336288507209
8.529999999999863 1.3060177663179329 -4.861335554507791
8.539999999999862 1.3073661163178885 -4.861334862402871
8.549999999999862 1.3086526996741557 -4.861334211191828
8.559999999999862 1.309877035353317 -4.861333599881167
8.569999999999862 1.3110386714889044 -4.861333027491924
8.579999999999862 1.3121371846257097 -4.861332493066353
8.589999999999861 1.3131721790043207 -4.861331995673969
8.599999999999861 1.3141432858860458 -4.8613315344169665
8.60999999999986 1.3150501629183318 -4.861331108435092
8.61999999999986 1.3158924935407315 -4.861330716909971
8.62999999999986 1.316669986431443 -4.861330359068994
8.63999999999986 1.3173823749944091 -4.861330034188719
8.64999999999986 1.3180294168869386 -4.861329741597908
8.65999999999986 1.3186108935877994 -4.861329480680178
8.66999999999986 1.3191266100057126 -4.86132925087631
8.67999999999986 1.3195763941281755 -4.861329051686251
8.68999999999986 1.31996009671053 -4.8613288826708265
8.699999999999859 1.320277591005202 -4.861328743453188
8.709999999999859 1.3205287725310333 -4.861328633720011
8.719999999999859 1.3207135588826353 -4.861328553222469
8.729999999999858 1.3208318895797082 -4.861328501776976
8.739999999999858 1.3208837259562687 -4.861328479265744
8.749999999999858 1.3208690510897545 -4.861328485637113
8.759999999999858 1.320787869769975 -4.861328520905711
8.769999999999857 1.3206402085079014 -4.861328585152408
8.779999999999857 1.3204261155842956 -4.861328678524083
8.789999999999857 1.3201456611381983 -4.861328801233187
8.799999999999857 1.319798937295307 -4.861328953557113
8.809999999999857 1.3193860583362838 -4.861329135837349
8.819999999999856 1.3189071609050544 -4.861329348478408
8.829999999999856 1.3183624042571591 -4.861329591946523
8.839999999999856 1.3177519705482295 -4.861329866768081
8.849999999999856 1.317076065162668 -4.861330173527789
8.859999999999856 1.3163349170826126 -4.861330512866544
8.869999999999855 1.3155287792972608 -4.861330885478964
8.879999999999855 1.314657929252627 -4.861331292110582
8.889999999999855 1.3137226693417974 -4.861331733554652
8.899999999999855 1.3127233274357242 -4.8613322106485315
8.909999999999854 1.3116602574545897 -4.861332724269609
8.919999999999854 1.310533839979737 -4.861333275330742
8.929999999999854 1.3093444829061303 -4.8613338647751485
8.939999999999854 1.308092622135267 -4.861334493570718
8.949999999999854 1.3067787223084155 -4.861335162703695
8.959999999999853 1.3054032775799909 -4.861335873171674
8.969999999999853 1.3039668124308073 -4.861336625975872
8.979999999999853 1.3024698825208783 -4.8613374221126024
8.989999999999853 1.3009130755813303 -4.86133826256393
8.999999999999853 1.2992970123449006 -4.861339148287418
9.009999999999852 1.2976223475143716 -4.861340080204931
9.019999999999852 1.2958897707681578 -4.861341059190443
9.029999999999852 1.2941000078021228 -4.8613420860567915
9.039999999999852 1.2922538214065304 -4.861343161541332
9.049999999999851 1.2903520125768657 -4.8613442862904455
9.059999999999851 1.2883954216570506 -4.861345460842869
9.069999999999851 1.2863849295133718 -4.861346685611807
9.07999999999985 1.2843214587371907 -4.861347960865797
9.08999999999985 1.2822059748742531 -4.861349286708344
9.09999999999985 1.2800394876781294 -4.861350663056269
9.10999999999985 1.2778230523850103 -4.861352089616852
9.11999999999985 1.2755577710067574 -4.861353565863748
9.12999999999985 1.2732447936387499 -4.861355091011756
9.13999999999985 1.270885319778688 -4.861356663990508
9.14999999999985 1.2684805996521118 -4.861358283417187
9.15999999999985 1.2660319355399572 -4.861359947568399
9.169999999999849 1.263540683103016 -4.861361654351365
9.179999999999849 1.2610082526976767 -4.861363401274646
9.189999999999849 1.2584361106768192 -4.861365185418636
9.199999999999848 1.2558257806691933 -4.861367003406106
9.209999999999848 1.2531788448300567 -4.861368851373154
9.219999999999848 1.2504969450552608 -4.861370724940927
9.229999999999848 1.2477817841503764 -4.861372619188572
9.239999999999847 1.2450351269458255 -4.86137452862791
9.249999999999847 1.2422588013483558 -4.861376447180372
9.259999999999847 1.2394546993185442 -4.861378368156841
9.269999999999847 1.2366247777633719 -4.86138028424106
9.279999999999847 1.233771059332251 -4.861382187477314
9.289999999999846 1.2308956331042515 -4.861384069263221
9.299999999999846 1.2280006551536258 -4.861385920348419
9.309999999999846 1.2250883489801307 -4.861387730840044
9.319999999999846 1.2221610057900523 -4.8613894902159265
9.329999999999846 1.2192209846132984 -4.8613911873463955
9.339999999999845 1.2162707122414278 -4.861392810525669
9.349999999999845 1.2133126829710508 -4.861394347513744
9.359999999999845 1.2103494581366805 -4.861395785589653
9.369999999999845 1.2073836654168388 -4.861397111616976
9.379999999999844 1.2044179978970548 -4.861398312122324
9.389999999999844 1.2014552128733451 -4.861399373387436
9.399999999999844 1.198498130379845 -4.861400281555417
9.409999999999844 1.195549631424492 -4.861401022751382
9.419999999999844 1.1926126559170613 -4.861401583217633
9.429999999999843 1.1896902002744354 -4.8614019494631755
9.439999999999843 1.1867853146887566 -4.861402108427135
9.449999999999843 1.183901100045115 -4.861402047655235
9.459999999999843 1.181040704476624 -4.861401755488209
9.469999999999843 1.1782073195462042 -4.861401221260528
9.479999999999842 1.175404176046086 -4.861400435507486
9.489999999999842 1.172634539408012 -4.861399390178164
9.499999999999842 1.169901704719335 -4.861398078851401
9.509999999999842 1.167208991342697 -4.861396496951424
9.519999999999841 1.1645597371397154 -4.8613946419593494
9.529999999999841 1.1619572923021075 -4.861392513616413
9.539999999999841 1.1594050127969213 -4.861390114114382
9.54999999999984 1.156906253436011 -4.861387448268383
9.55999999999984 1.154464360583558 -4.8613845236671365
9.56999999999984 1.1520826645192839 -4.8613813507955435
9.57999999999984 1.1497644714789743 -4.861377943124558
9.58999999999984 1.1475130553980153 -4.861374317163511
9.59999999999984 1.1453316493877614 -4.861370492470306
9.60999999999984 1.1432234369786836 -4.86136649161546
9.61999999999984 1.141191543168306 -4.8613623400965436
9.62999999999984 1.1392390253158855 -4.8613580662004345
9.639999999999839 1.13736886392954 -4.861353700811749
9.649999999999839 1.13558395339504 -4.86134927716691
9.659999999999838 1.1338870926986486 -4.861344830554557
9.669999999999838 1.1322809761991939 -4.861340397964358
9.679999999999838 1.1307681845068773 -4.861336017687577
9.689999999999838 1.1293511755281387 -4.861331728874256
9.699999999999838 1.128032275737126 -4.861327571053186
9.709999999999837 1.126813671734915 -4.861323583622152
9.719999999999837 1.1256974021575574 -4.86131980531712
9.729999999999837 1.124685349993245 -4.861316273670047
9.739999999999837 1.1237792353673817 -4.861313024465757
9.749999999999837 1.1229806088520982 -4.861310091208856
9.759999999999836 1.1222908453537774 -4.86130750461194
9.769999999999836 1.1217111386284548 -4.861305292116189
9.779999999999836 1.1212424964705927 -4.861303477455112
9.789999999999836 1.1208857366157066 -4.861302080271415
9.799999999999836 1.1206414833917404 -4.861301115795964
9.809999999999835 1.120510165147989 -4.861300594596456
9.819999999999835 1.1204920124838484 -4.86130052240181
9.829999999999835 1.1205870572928363 -4.8613009000065786
9.839999999999835 1.1207951326302377 -4.861301723257659
9.849999999999834 1.121115873405539 -4.86130298312366
9.859999999999834 1.1215487178935888 -4.861304665845214
9.869999999999834 1.1220929100512962 -4.8613067531626
9.879999999999834 1.1227475026197524 -4.861309222615196
9.889999999999834 1.1235113609850178 -4.861312047905606
9.899999999999833 1.1243831677645877 -4.8613151993199235
9.909999999999833 1.1253614280807878 -4.8613186441944505
9.919999999999833 1.1264444754771417 -4.861322347418297
9.929999999999833 1.1276304784291753 -4.86132627196086
9.939999999999833 1.1289174473972021 -4.8613303794129505
9.949999999999832 1.1303032423654225 -4.861334630530441
9.959999999999832 1.1317855808091948 -4.861338985769836
9.969999999999832 1.1333620460305849 -4.861343405805766
9.979999999999832 1.1350300958012935 -4.861347852021429
9.989999999999831 1.1367870712517623 -4.861352286964076
9.999999999999831 1.1386302059456475 -4.8613566747589445
10.009999999999831 1.140556635079883 -4.861360981476364
10.01999999999983 1.1425634047521838 -4.861365175448174
10.02999999999983 1.1446474812400114 -4.861369227531004
10.03999999999983 1.1468057602376724 -4.861373111315268
10.04999999999983 1.14903507600128 -4.861376803280048
10.05999999999983 1.1513322103547163 -4.861380282895146
10.06999999999983 1.1536939015134153 -4.861383532672613
10.07999999999983 1.156116852686676 -4.861386538170938
10.08999999999983 1.1585977404232468 -4.861389287955764
10.09999999999983 1.1611332226690319 -4.861391773521528
10.109999999999829 1.1637199465099057 -4.861393989178828
10.119999999999829 1.1663545555767123 -4.861395931912504
10.129999999999828 1.1690336970935424 -4.8613976012155
10.139999999999828 1.1717540285542727 -4.861398998903553
10.149999999999828 1.1745122240160757 -4.861400128915583
10.159999999999828 1.1773049800021405 -4.861400997104352
10.169999999999828 1.1801290210091635 -4.861401611021739
10.179999999999827 1.182981104618245 -4.861401979702491
10.189999999999827 1.1858580262106562 -4.8614021134499605
10.199999999999827 1.1887566232925098 -4.861402023626838
10.209999999999827 1.191673779434674 -4.861401722453516
10.219999999999827 1.1946064278363129 -4.861401222816173
10.229999999999826 1.197551554522222 -4.86140053808632
10.239999999999826 1.2005062011856573 -4.861399681953093
10.249999999999826 1.2034674676896515 -4.861398668269217
10.259999999999826 1.206432514240866 -4.861397510911195
10.269999999999825 1.2093985632508757 -4.861396223654
10.279999999999825 1.2123629009004184 -4.861394820060247
10.289999999999825 1.215322878422603 -4.861393313383602
10.299999999999825 1.2182759131213423 -4.861391716485999
10.309999999999825 1.2212194891414196 -4.861390041768045
10.319999999999824 1.2241511580065731 -4.861388301111924
10.329999999999824 1.2270685389418643 -4.8613865058359504
10.339999999999824 1.2299693189963454 -4.861384666659921
10.349999999999824 1.2328512529817188 -4.86138279368033
10.359999999999824 1.2357121632422596 -4.861380896354521
10.369999999999823 1.2385499392708097 -4.86137898349283
10.379999999999823 1.2413625371851067 -4.861377063257817
10.389999999999823 1.2441479790781507 -4.861375143169685
10.399999999999823 1.2469043522557004 -4.8613732301170405
10.409999999999823 1.2496298083733617 -4.861371330372197
10.419999999999822 1.2523225624850935 -4.861369449610273
10.429999999999822 1.2549808920143 -4.8613675929313835
10.439999999999822 1.2576031356580268 -4.861365764885311
10.449999999999822 1.2601876922341382 -4.861363969498058
10.459999999999821 1.262733019480701 -4.861362210299778
10.469999999999821 1.2652376328161894 -4.86136049035363
10.479999999999821 1.2677001040685085 -4.861358812285139
10.48999999999982 1.2701190601802472 -4.861357178311713
10.49999999999982 1.272493181897004 -4.861355590272035
10.50999999999982 1.2748212024450871 -4.861354049655037
10.51999999999982 1.2771019062043698 -4.861352557628264
10.52999999999982 1.279334127381587 -4.861351115065446
10.53999999999982 1.281516748688896 -4.861349722573135
10.54999999999982 1.2836487000320798 -4.861348380516292
10.55999999999982 1.2857289572123562 -4.861347089042735
10.569999999999819 1.287756540645376 -4.861345848106412
10.579999999999819 1.2897305141006143 -4.861344657489423
10.589999999999819 1.291649983464043 -4.861343516822814
10.599999999999818 1.293514095526637 -4.861342425606093
10.609999999999818 1.2953220368009977 -4.8613413832255254
10.619999999999818 1.2970730323680915 -4.861340388971183
10.629999999999818 1.2987663447558722 -4.861339442052818
10.639999999999818 1.3004012728513206 -4.861338541614568
10.649999999999817 1.3019771508472344 -4.861337686748546
10.659999999999817 1.303493347224914 -4.86133687650737
10.669999999999817 1.3049492637737232 -4.861336109915674
10.679999999999817 1.3063443346483499 -4.861335385980652
10.689999999999817 1.307678025464455 -4.861334703701691
10.699999999999816 1.3089498324332804 -4.861334062079156
10.709999999999816 1.3101592815356713 -4.861333460122369
10.719999999999816 1.3113059277358834 -4.861332896856833
10.729999999999816 1.3123893542354497 -4.861332371330771
10.739999999999815 1.3134091717673217 -4.861331882621005
10.749999999999815 1.314365017930425 -4.861331429838248
10.759999999999815 1.3152565565647265 -4.861331012131844
10.769999999999815 1.316083477166861 -4.861330628693978
10.779999999999815 1.316845494346328 -4.86133027876345
10.789999999999814 1.3175423473222412 -4.861329961628989
10.799999999999814 1.3181737994605922 -4.861329676632185
10.809999999999814 1.318739637851966 -4.861329423170071
10.819999999999814 1.319239672929644 -4.861329200697338
10.829999999999814 1.319673738128015 -4.861329008728283
10.839999999999813 1.3200416895812142 -4.861328846838447
10.849999999999813 1.3203434058619128 -4.861328714666004
10.859999999999813 1.3205787877601853 -4.8613286119129056
10.869999999999813 1.3207477581023817 -4.861328538345795
10.879999999999812 1.3208502616099513 -4.861328493796712
10.889999999999812 1.320886264798168 -4.861328478163581
10.899999999999812 1.3208557559147207 -4.861328491410522
10.909999999999812 1.3207587449181502 -4.861328533567943
10.919999999999812 1.3205952634961216 -4.8613286047324555
10.929999999999811 1.3203653651235412 -4.861328705066596
10.939999999999811 1.320069125160537 -4.861328834798341
10.949999999999811 1.3197066409903377 -4.861328994220428
10.95999999999981 1.319278032197097 -4.8613291836894525
10.96999999999981 1.3187834407837191 -4.86132940362475
10.97999999999981 1.3182230314297576 -4.861329654507025
10.98999999999981 1.317596991789454 -4.861329936876725
10.99999999999981 1.3169055328300021 -4.861330251332143
11.00999999999981 1.3161488892101125 -4.861330598527195
11.01999999999981 1.3153273196989566 -4.861330979168892
11.02999999999981 1.3144411076355604 -4.861331394014432
11.039999999999809 1.3134905614287051 -4.861331843867914
11.049999999999809 1.31247601509738 -4.861332329576611
11.059999999999809 1.3113978288518047 -4.8613328520267896
11.069999999999808 1.3102563897150126 -4.861333412139018
11.079999999999808 1.3090521121849499 -4.861334010862929
11.089999999999808 1.3077854389370032 -4.861334649171377
11.099999999999808 1.3064568415668103 -4.861335328053972
11.109999999999808 1.3050668213731558 -4.861336048509898
11.119999999999807 1.3036159101806721 -4.861336811540008
11.129999999999807 1.302104671201994 -4.8613376181381085
11.139999999999807 1.3005336999389092 -4.8613384692813915
11.149999999999807 1.2989036251219526 -4.861339365919973
11.159999999999807 1.2972151096877593 -4.861340308965464
11.169999999999806 1.295468851793369 -4.861341299278524
11.179999999999806 1.2936655858665098 -4.861342337655364
11.189999999999806 1.2918060836907368 -4.86134342481313
11.199999999999806 1.2898911555241055 -4.861344561374136
11.209999999999805 1.2879216512498606 -4.861345747848902
11.219999999999805 1.2858984615573998 -4.861346984617973
11.229999999999805 1.2838225191515251 -4.861348271912496
11.239999999999805 1.281694799987731 -4.861349609793538
11.249999999999805 1.279516324530993 -4.861350998130161
11.259999999999804 1.2772881590352034 -4.861352436576251
11.269999999999804 1.2750114168400712 -4.8613539245461705
11.279999999999804 1.27268725968194 -4.861355461189254
11.289999999999804 1.2703168990145917 -4.861357045363262
11.299999999999804 1.2679015973356895 -4.861358675606876
11.309999999999803 1.2654426695140826 -4.8613603501114
11.319999999999803 1.2629414841127162 -4.861362066691815
11.329999999999803 1.2603994647014165 -4.861363822757434
11.339999999999803 1.2578180911532864 -4.861365615282363
11.349999999999802 1.2551989009179194 -4.861367440776131
11.359999999999802 1.252543490264066 -4.861369295254772
11.369999999999802 1.2498535154838026 -4.861371174212797
11.379999999999802 1.2471306940496456 -4.8613730725965185
11.389999999999802 1.2443768057154287 -4.8613749847791965
11.399999999999801 1.2415936935511278 -4.861376904538623
11.409999999999801 1.2387832649011645 -4.861378825037738
11.419999999999801 1.2359474922550737 -4.861380738808989
11.4299999999998 1.233088414018766 -4.861382637743164
11.4399999999998 1.2302081351739724 -4.8613845130834985
11.4499999999998 1.2273088278128323 -4.861386355425903
11.4599999999998 1.22439273153397 -4.861388154726198
11.4699999999998 1.221462153685841 -4.861389900315265
11.4799999999998 1.2185194694425854 -4.861391580923059
11.4899999999998 1.2155671216971495 -4.861393184712412
11.4999999999998 1.2126076207560195 -4.861394699323542
11.509999999999799 1.2096435438195667 -4.861396111930162
11.519999999999799 1.206677534231769 -4.861397409308015
11.529999999999799 1.2037123004829142 -4.861398577916542
11.539999999999798 1.2007506149488854 -4.861399603994306
11.549999999999798 1.197795312350738 -4.861400473668645
11.559999999999798 1.19484928791855 -4.861401173079768
11.569999999999798 1.1919154952439623 -4.861401688519382
11.579999999999798 1.1889969438064625 -4.861402006583561
11.589999999999797 1.1860966961592727 -4.861402114339365
11.599999999999797 1.1832178647617644 -4.861401999504279
11.609999999999797 1.1803636084465758 -4.861401650637235
11.619999999999797 1.1775371285111338 -4.86140105733953
11.629999999999797 1.1747416644250375 -4.861400210463554
11.639999999999796 1.1719804891467844 -4.861399102326739
11.649999999999796 1.1692569040456087 -4.861397726927777
11.659999999999796 1.1665742334267393 -4.861396080161623
11.669999999999796 1.1639358186612048 -4.861394160029417
11.679999999999795 1.161345011924359 -4.861391966839083
11.689999999999795 1.1588051695506048 -4.861389503392002
11.699999999999795 1.1563196450153084 -4.86138677515092
11.709999999999795 1.153891781558606 -4.861383790384058
11.719999999999795 1.1515249044696834 -4.861380560280362
11.729999999999794 1.149222313054114 -4.861377099030873
11.739999999999794 1.1469872723109322 -4.861373423871415
11.749999999999794 1.1448230043502488 -4.861369555082155
11.759999999999794 1.1427326795863273 -4.86136551594011
11.769999999999794 1.1407194077450886 -4.861361332621372
11.779999999999793 1.1387862287289032 -4.861357034050655
11.789999999999793 1.1369361033852456 -4.861352651696788
11.799999999999793 1.1351719042292046 -4.861348219313898
11.809999999999793 1.1334964061729451 -4.861343772629303
11.819999999999792 1.1319122773178978 -4.861339348980473
11.829999999999792 1.1304220698676632 -4.86133498690478
11.839999999999792 1.1290282112212995 -4.861330725687217
11.849999999999792 1.1277329953077395 -4.861326604872554
11.859999999999792 1.1265385742225336 -4.861322663749759
11.869999999999791 1.1254469502278672 -4.861318940817551
11.879999999999791 1.1244599681758594 -4.861315473241025
11.889999999999791 1.1235793084134558 -4.861312296309903
11.89999999999979 1.1228064802248165 -4.861309442909506
11.90999999999979 1.1221428158639442 -4.861306943015654
11.91999999999979 1.121589465226443 -4.861304823224607
11.92999999999979 1.1211473912047634 -4.861303106328562
11.93999999999979 1.1208173657661333 -4.861301810946551
11.94999999999979 1.1205999667866662 -4.861300951219354
11.95999999999979 1.1204955756689223 -4.861300536575718
11.96999999999979 1.1205043757636086 -4.861300571575484
11.979999999999789 1.1206263516091832 -4.861301055833448
11.989999999999789 1.1208612889960194 -4.861301984025804
11.999999999999789 1.1212087758545675 -4.861303345978994
