Sun 332946.0 0.0 0.0 0.0 0.0 0.0 0.0
Mercury 0.055 0.08051955462645541 -0.4480662860374615 -0.04400182149190969 0.02204825304859444 0.00641708881027627 -0.00149796026125163
Venus 0.815 -0.7109887987038349 -0.1109194073396635 0.03950303292806829 0.002990114135378398 -0.02007419586790181 -0.0004481453971726834
Earth 1.0 -0.4858557302072681 -0.8881256929389151 4.644518255972374e-05 0.01482059753079534 -0.008322015184828249 8.879147180855189e-08
Moon 0.0123 -0.4863273339804307 -0.8855079737558565 0.0002690858287502895 0.01425788196666878 -0.008404177858858091 2.210145855707591e-05
Mars 0.107 -1.479354435552604 0.7636148828614361 0.05229187847454581 -0.005893661407106033 -0.01124106296642948 -9.102137888846099e-05
Jupiter 317.8 4.482630283150641 2.109471576090167 -0.1090532550261584 -0.003303776843017685 0.007189705550631389 4.40502578877609e-05
Saturn 95.16 8.520582123892654 -4.832559517414904 -0.2550624038351229 0.002440362445964918 0.004848896222827647 -0.0001814432804002714
Uranus 14.54 12.95041805270102 14.77605066325716 -0.1130009958081447 -0.002989997887708113 0.002416698709193258 4.763454056922216e-05
Neptune 17.15 29.79820885444414 -2.495024425710162 -0.6353376868221391 0.0002388363487684242 0.003155220359875368 -7.037702034557885e-05
Pluto 0.002192 16.58076273184307 -30.52682824607647 -1.52713384288818 0.002835905096497979 0.0008205802914270496 -0.0009079583416824426
1P/Halley 3.7e-11 -19.92674498302927 27.17306269657032 -9.964318296170795 0.0003860889733363953 0.0003603228362612962 4.814244991122957e-05
'Omuamua 8.372264363e-18 32.34886232938575 5.313375789257013 13.44876841466759 0.01432769964704524 0.002144206017240314 0.006265218242343174